11
1.000000 -0.005259
0.993836 -0.005259
1.083105 0.085764
1.240639 0.182959
1.466438 0.303296
1.839269 0.485344
2.227854 0.618022
2.868493 0.778471
3.677169 0.906522
4.995205 0.999088
5.000000 0.999088
11
1.000000 -0.006802
1.025342 -0.006802
1.671233 0.047195
2.485160 0.241585
2.915753 0.415919
3.335845 0.568654
3.629909 0.699790
3.971233 0.789271
4.506849 0.875666
4.995205 1.000631
5.000000 1.000631
11
1.000000 -0.006802
1.009589 -0.006802
1.308904 0.079593
1.555708 0.196844
1.776256 0.431346
2.170091 0.826297
2.689954 0.900351
3.383105 0.938920
4.580365 0.992917
4.989954 0.996003
5.000000 0.996003
0 0.019608 0.007843 0.003922
1 0.039216 0.015686 0.003922
2 0.070588 0.027451 0.003922
3 0.101961 0.039216 0.007843
4 0.133333 0.050980 0.007843
5 0.156863 0.058824 0.007843
6 0.180392 0.066667 0.007843
7 0.203922 0.074510 0.011765
8 0.227451 0.082353 0.011765
9 0.250980 0.094118 0.011765
10 0.270588 0.101961 0.015686
11 0.286275 0.105882 0.015686
12 0.309804 0.113725 0.015686
13 0.325490 0.121569 0.015686
14 0.341176 0.125490 0.015686
15 0.364706 0.137255 0.019608
16 0.380392 0.141176 0.019608
17 0.396078 0.145098 0.019608
18 0.411765 0.152941 0.019608
19 0.435294 0.160784 0.023529
20 0.450980 0.168627 0.023529
21 0.466667 0.172549 0.023529
22 0.482353 0.180392 0.023529
23 0.494118 0.184314 0.023529
24 0.501961 0.192157 0.027451
25 0.513726 0.207843 0.031373
26 0.521569 0.219608 0.031373
27 0.529412 0.227451 0.035294
28 0.541176 0.239216 0.039216
29 0.549020 0.250980 0.039216
30 0.556863 0.258824 0.043137
31 0.564706 0.270588 0.047059
32 0.572549 0.278431 0.047059
33 0.584314 0.290196 0.050980
34 0.592157 0.298039 0.054902
35 0.600000 0.309804 0.058824
36 0.607843 0.321569 0.058824
37 0.615686 0.329412 0.062745
38 0.627451 0.341176 0.066667
39 0.635294 0.349020 0.066667
40 0.643137 0.360784 0.070588
41 0.650980 0.368627 0.074510
42 0.654902 0.376471 0.074510
43 0.662745 0.384314 0.078431
44 0.674510 0.396078 0.078431
45 0.682353 0.403922 0.082353
46 0.690196 0.415686 0.086275
47 0.698039 0.427451 0.090196
48 0.701961 0.431373 0.090196
49 0.709804 0.439216 0.094118
50 0.721569 0.450980 0.094118
51 0.729412 0.462745 0.098039
52 0.733333 0.466667 0.098039
53 0.741176 0.474510 0.101961
54 0.749020 0.486275 0.105882
55 0.752941 0.490196 0.105882
56 0.764706 0.501961 0.109804
57 0.772549 0.509804 0.109804
58 0.776471 0.517647 0.113725
59 0.784314 0.525490 0.117647
60 0.788235 0.533333 0.117647
61 0.796078 0.541176 0.121569
62 0.800000 0.545098 0.121569
63 0.811765 0.556863 0.125490
64 0.815686 0.560784 0.125490
65 0.819608 0.568627 0.125490
66 0.827451 0.576471 0.129412
67 0.831373 0.580392 0.129412
68 0.835294 0.588235 0.133333
69 0.843137 0.596078 0.133333
70 0.850980 0.603922 0.137255
71 0.854902 0.607843 0.137255
72 0.862745 0.615686 0.141176
73 0.866667 0.623529 0.141176
74 0.870588 0.627451 0.141176
75 0.874510 0.631373 0.145098
76 0.878431 0.639216 0.145098
77 0.886275 0.647059 0.149020
78 0.890196 0.650980 0.149020
79 0.898039 0.658824 0.152941
80 0.901961 0.662745 0.152941
81 0.905882 0.666667 0.152941
82 0.909804 0.674510 0.156863
83 0.917647 0.682353 0.156863
84 0.921569 0.686275 0.160784
85 0.925490 0.694118 0.160784
86 0.929412 0.698039 0.160784
87 0.933333 0.701961 0.164706
88 0.941176 0.709804 0.164706
89 0.945098 0.713726 0.164706
90 0.949020 0.717647 0.168627
91 0.952941 0.721569 0.168627
92 0.956863 0.729412 0.168627
93 0.960784 0.733333 0.172549
94 0.964706 0.737255 0.172549
95 0.968627 0.745098 0.172549
96 0.972549 0.749020 0.176471
97 0.976471 0.752941 0.176471
98 0.992157 0.772549 0.192157
99 0.992157 0.776471 0.203922
100 0.992157 0.776471 0.211765
101 0.992157 0.780392 0.223529
102 0.992157 0.784314 0.231373
103 0.992157 0.784314 0.243137
104 0.992157 0.788235 0.250980
105 0.992157 0.792157 0.262745
106 0.992157 0.796078 0.270588
107 0.992157 0.796078 0.282353
108 0.992157 0.800000 0.290196
109 0.992157 0.803922 0.298039
110 0.992157 0.803922 0.298039
111 0.992157 0.803922 0.309804
112 0.992157 0.807843 0.317647
113 0.992157 0.811765 0.329412
114 0.992157 0.811765 0.337255
115 0.992157 0.815686 0.349020
116 0.992157 0.819608 0.356863
117 0.992157 0.819608 0.356863
118 0.992157 0.819608 0.368627
119 0.992157 0.823529 0.376471
120 0.992157 0.827451 0.388235
121 0.992157 0.827451 0.396078
122 0.992157 0.831373 0.407843
123 0.992157 0.831373 0.407843
124 0.992157 0.835294 0.415686
125 0.992157 0.835294 0.427451
126 0.992157 0.839216 0.435294
127 0.992157 0.839216 0.435294
128 0.992157 0.843137 0.443137
129 0.992157 0.843137 0.454902
130 0.992157 0.847059 0.462745
131 0.992157 0.847059 0.462745
132 0.992157 0.850980 0.474510
133 0.992157 0.850980 0.482353
134 0.992157 0.850980 0.482353
135 0.992157 0.854902 0.494118
136 0.992157 0.858824 0.501961
137 0.992157 0.858824 0.501961
138 0.992157 0.862745 0.513726
139 0.992157 0.862745 0.521569
140 0.992157 0.862745 0.521569
141 0.992157 0.866667 0.533333
142 0.992157 0.866667 0.533333
143 0.992157 0.870588 0.541176
144 0.992157 0.870588 0.552941
145 0.992157 0.870588 0.552941
146 0.992157 0.874510 0.560784
147 0.992157 0.874510 0.560784
148 0.992157 0.878431 0.568627
149 0.992157 0.878431 0.580392
150 0.992157 0.878431 0.580392
151 0.992157 0.882353 0.588235
152 0.992157 0.882353 0.588235
153 0.992157 0.886275 0.600000
154 0.992157 0.886275 0.600000
155 0.992157 0.886275 0.607843
156 0.992157 0.886275 0.607843
157 0.992157 0.890196 0.619608
158 0.992157 0.890196 0.619608
159 0.992157 0.894118 0.627451
160 0.992157 0.894118 0.627451
161 0.992157 0.894118 0.639216
162 0.992157 0.894118 0.639216
163 0.992157 0.898039 0.647059
164 0.992157 0.898039 0.647059
165 0.992157 0.901961 0.658824
166 0.992157 0.901961 0.658824
167 0.992157 0.901961 0.658824
168 0.992157 0.901961 0.666667
169 0.992157 0.901961 0.666667
170 0.992157 0.905882 0.678431
171 0.992157 0.905882 0.678431
172 0.992157 0.909804 0.686275
173 0.992157 0.909804 0.686275
174 0.992157 0.909804 0.686275
175 0.992157 0.909804 0.698039
176 0.992157 0.909804 0.698039
177 0.992157 0.913725 0.705882
178 0.992157 0.913725 0.705882
179 0.992157 0.917647 0.713726
180 0.992157 0.917647 0.713726
181 0.992157 0.917647 0.713726
182 0.992157 0.917647 0.725490
183 0.992157 0.917647 0.725490
184 0.992157 0.917647 0.725490
185 0.992157 0.921569 0.733333
186 0.992157 0.921569 0.733333
187 0.992157 0.925490 0.745098
188 0.992157 0.925490 0.745098
189 0.992157 0.925490 0.745098
190 0.992157 0.929412 0.752941
191 0.992157 0.929412 0.752941
192 0.992157 0.929412 0.752941
193 0.992157 0.929412 0.764706
194 0.992157 0.929412 0.764706
195 0.992157 0.929412 0.764706
196 0.992157 0.933333 0.772549
197 0.992157 0.933333 0.772549
198 0.992157 0.937255 0.784314
199 0.992157 0.937255 0.784314
200 0.992157 0.937255 0.784314
201 0.992157 0.937255 0.792157
202 0.992157 0.937255 0.792157
203 0.992157 0.937255 0.792157
204 0.992157 0.941176 0.803922
205 0.992157 0.941176 0.803922
206 0.992157 0.941176 0.803922
207 0.992157 0.945098 0.811765
208 0.992157 0.945098 0.811765
209 0.992157 0.945098 0.811765
210 0.992157 0.945098 0.823529
211 0.992157 0.945098 0.823529
212 0.992157 0.945098 0.823529
213 0.992157 0.949020 0.831373
214 0.992157 0.949020 0.831373
215 0.992157 0.949020 0.831373
216 0.992157 0.952941 0.839216
217 0.992157 0.952941 0.839216
218 0.992157 0.952941 0.839216
219 0.992157 0.952941 0.850980
220 0.992157 0.952941 0.850980
221 0.992157 0.952941 0.850980
222 0.992157 0.952941 0.850980
223 0.992157 0.956863 0.858824
224 0.992157 0.956863 0.858824
225 0.992157 0.956863 0.858824
226 0.992157 0.960784 0.870588
227 0.992157 0.960784 0.870588
228 0.992157 0.960784 0.870588
229 0.992157 0.960784 0.878431
230 0.992157 0.960784 0.878431
231 0.992157 0.960784 0.878431
232 0.992157 0.964706 0.890196
233 0.992157 0.964706 0.890196
234 0.992157 0.964706 0.890196
235 0.992157 0.964706 0.890196
236 0.992157 0.968627 0.898039
237 0.992157 0.968627 0.898039
238 0.992157 0.968627 0.898039
239 0.992157 0.968627 0.909804
240 0.992157 0.968627 0.909804
241 0.992157 0.968627 0.909804
242 0.992157 0.972549 0.917647
243 0.992157 0.972549 0.917647
244 0.992157 0.972549 0.917647
245 0.992157 0.972549 0.917647
246 0.992157 0.976471 0.929412
247 0.992157 0.976471 0.929412
248 0.992157 0.976471 0.929412
249 0.992157 0.976471 0.937255
250 0.992157 0.976471 0.937255
251 0.992157 0.976471 0.937255
252 0.992157 0.976471 0.937255
253 0.992157 0.980392 0.949020
254 0.992157 0.980392 0.949020
255 0.992157 0.980392 0.949020
0 0.019608 0.007843 0.003922 0.000000
1 0.019608 0.007843 0.003922 0.000000
2 0.019608 0.007843 0.003922 0.000764
3 0.019608 0.007843 0.003922 0.005132
4 0.019608 0.007843 0.003922 0.009622
5 0.019608 0.007843 0.003922 0.014204
6 0.019608 0.007843 0.003922 0.018862
7 0.019608 0.007843 0.003922 0.023588
8 0.019608 0.007843 0.003922 0.028379
9 0.023529 0.007843 0.003922 0.033232
10 0.023529 0.007843 0.003922 0.038146
11 0.023529 0.007843 0.003922 0.043123
12 0.031373 0.011765 0.003922 0.048166
13 0.031373 0.011765 0.003922 0.053277
14 0.039216 0.015686 0.003922 0.058460
15 0.039216 0.015686 0.003922 0.063724
16 0.039216 0.015686 0.003922 0.069074
17 0.047059 0.015686 0.003922 0.074523
18 0.047059 0.015686 0.003922 0.080084
19 0.054902 0.019608 0.003922 0.085773
20 0.054902 0.019608 0.003922 0.091607
21 0.062745 0.023529 0.003922 0.097606
22 0.062745 0.023529 0.003922 0.103791
23 0.070588 0.027451 0.003922 0.110186
24 0.070588 0.027451 0.003922 0.116818
25 0.078431 0.027451 0.003922 0.123714
26 0.078431 0.027451 0.003922 0.130904
27 0.086275 0.031373 0.003922 0.138422
28 0.086275 0.031373 0.003922 0.146304
29 0.094118 0.035294 0.003922 0.154583
30 0.094118 0.035294 0.003922 0.163300
31 0.101961 0.039216 0.007843 0.172489
32 0.101961 0.039216 0.007843 0.182188
33 0.109804 0.039216 0.007843 0.192430
34 0.109804 0.039216 0.007843 0.203242
35 0.117647 0.043137 0.007843 0.214654
36 0.117647 0.043137 0.007843 0.226675
37 0.125490 0.047059 0.007843 0.239294
38 0.125490 0.047059 0.007843 0.252478
39 0.133333 0.050980 0.007843 0.266186
40 0.141176 0.050980 0.007843 0.280371
41 0.141176 0.050980 0.007843 0.294978
42 0.149020 0.054902 0.007843 0.309953
43 0.156863 0.058824 0.007843 0.325238
44 0.156863 0.058824 0.007843 0.340777
45 0.164706 0.058824 0.007843 0.356519
46 0.164706 0.058824 0.007843 0.372413
47 0.172549 0.062745 0.007843 0.388418
48 0.180392 0.066667 0.007843 0.404493
49 0.188235 0.070588 0.011765 0.420604
50 0.188235 0.070588 0.011765 0.436722
51 0.196078 0.070588 0.011765 0.452823
52 0.203922 0.074510 0.011765 0.468883
53 0.203922 0.074510 0.011765 0.484865
54 0.211765 0.078431 0.011765 0.500725
55 0.219608 0.082353 0.011765 0.516424
56 0.227451 0.082353 0.011765 0.531930
57 0.227451 0.082353 0.011765 0.547215
58 0.235294 0.086275 0.011765 0.562252
59 0.243137 0.090196 0.011765 0.577020
60 0.250980 0.094118 0.011765 0.591500
61 0.258824 0.094118 0.011765 0.605674
62 0.266667 0.098039 0.015686 0.619525
63 0.266667 0.098039 0.015686 0.633040
64 0.270588 0.101961 0.015686 0.646205
65 0.278431 0.101961 0.015686 0.659010
66 0.286275 0.105882 0.015686 0.671442
67 0.294118 0.109804 0.015686 0.683491
68 0.301961 0.113725 0.015686 0.695150
69 0.309804 0.113725 0.015686 0.706408
70 0.317647 0.117647 0.015686 0.717254
71 0.325490 0.121569 0.015686 0.727686
72 0.333333 0.125490 0.015686 0.737695
73 0.333333 0.125490 0.015686 0.747271
74 0.341176 0.125490 0.015686 0.756413
75 0.349020 0.129412 0.019608 0.765108
76 0.356863 0.133333 0.019608 0.773356
77 0.364706 0.137255 0.019608 0.781155
78 0.372549 0.137255 0.019608 0.788522
79 0.380392 0.141176 0.019608 0.795483
80 0.388235 0.145098 0.019608 0.802058
81 0.403922 0.149020 0.019608 0.808263
82 0.411765 0.152941 0.019608 0.814120
83 0.419608 0.156863 0.019608 0.819650
84 0.427451 0.156863 0.019608 0.824869
85 0.435294 0.160784 0.023529 0.829794
86 0.443137 0.164706 0.023529 0.834440
87 0.450980 0.168627 0.023529 0.838825
88 0.458824 0.168627 0.023529 0.842961
89 0.466667 0.172549 0.023529 0.846866
90 0.482353 0.180392 0.023529 0.850551
91 0.490196 0.180392 0.023529 0.854030
92 0.494118 0.184314 0.023529 0.857317
93 0.498039 0.188235 0.023529 0.860421
94 0.501961 0.192157 0.027451 0.863355
95 0.509804 0.203922 0.027451 0.866132
96 0.513726 0.207843 0.031373 0.868761
97 0.517647 0.215686 0.031373 0.871252
98 0.521569 0.219608 0.031373 0.873615
99 0.529412 0.227451 0.035294 0.875860
100 0.537255 0.235294 0.035294 0.877994
101 0.541176 0.239216 0.039216 0.880029
102 0.549020 0.250980 0.039216 0.881970
103 0.552941 0.254902 0.043137 0.883827
104 0.560784 0.262745 0.043137 0.885607
105 0.564706 0.270588 0.047059 0.887317
106 0.568627 0.274510 0.047059 0.888963
107 0.580392 0.286275 0.050980 0.890554
108 0.584314 0.290196 0.050980 0.892095
109 0.592157 0.298039 0.054902 0.893592
110 0.596078 0.305882 0.054902 0.895051
111 0.603922 0.313726 0.058824 0.896476
112 0.607843 0.321569 0.058824 0.897868
113 0.615686 0.329412 0.062745 0.899228
114 0.619608 0.333333 0.062745 0.900558
115 0.631373 0.345098 0.066667 0.901859
116 0.635294 0.349020 0.066667 0.903130
117 0.643137 0.360784 0.070588 0.904374
118 0.647059 0.364706 0.070588 0.905592
119 0.654902 0.376471 0.074510 0.906785
120 0.662745 0.384314 0.078431 0.907953
121 0.670588 0.392157 0.078431 0.909099
122 0.678431 0.400000 0.082353 0.910222
123 0.682353 0.403922 0.082353 0.911323
124 0.690196 0.415686 0.086275 0.912405
125 0.694118 0.419608 0.086275 0.913467
126 0.701961 0.431373 0.090196 0.914510
127 0.705882 0.435294 0.090196 0.915536
128 0.717647 0.447059 0.094118 0.916544
129 0.721569 0.450980 0.094118 0.917537
130 0.729412 0.462745 0.098039 0.918514
131 0.733333 0.466667 0.098039 0.919477
132 0.741176 0.474510 0.101961 0.920426
133 0.745098 0.482353 0.101961 0.921362
134 0.752941 0.490196 0.105882 0.922286
135 0.760784 0.498039 0.105882 0.923197
136 0.768627 0.505882 0.109804 0.924098
137 0.772549 0.509804 0.109804 0.924987
138 0.780392 0.521569 0.113725 0.925867
139 0.784314 0.525490 0.117647 0.926737
140 0.792157 0.537255 0.117647 0.927598
141 0.796078 0.541176 0.121569 0.928451
142 0.807843 0.552941 0.121569 0.929296
143 0.811765 0.556863 0.125490 0.930133
144 0.819608 0.568627 0.125490 0.930963
145 0.827451 0.576471 0.129412 0.931787
146 0.831373 0.580392 0.129412 0.932604
147 0.839216 0.592157 0.133333 0.933415
148 0.843137 0.596078 0.133333 0.934220
149 0.854902 0.607843 0.137255 0.935021
150 0.858824 0.611765 0.137255 0.935817
151 0.866667 0.623529 0.141176 0.936608
152 0.874510 0.631373 0.145098 0.937395
153 0.878431 0.639216 0.145098 0.938178
154 0.886275 0.647059 0.149020 0.938957
155 0.898039 0.658824 0.152941 0.939734
156 0.901961 0.662745 0.152941 0.940506
157 0.909804 0.674510 0.156863 0.941277
158 0.917647 0.682353 0.156863 0.942044
159 0.921569 0.686275 0.160784 0.942809
160 0.929412 0.698039 0.160784 0.943572
161 0.933333 0.701961 0.164706 0.944332
162 0.945098 0.713726 0.164706 0.945089
163 0.952941 0.721569 0.168627 0.945844
164 0.956863 0.729412 0.168627 0.946596
165 0.964706 0.737255 0.172549 0.947346
166 0.968627 0.745098 0.172549 0.948094
167 0.976471 0.752941 0.176471 0.948839
168 0.992157 0.772549 0.192157 0.949581
169 0.992157 0.776471 0.203922 0.950321
170 0.992157 0.780392 0.223529 0.951058
171 0.992157 0.784314 0.231373 0.951792
172 0.992157 0.784314 0.243137 0.952524
173 0.992157 0.788235 0.250980 0.953254
174 0.992157 0.796078 0.270588 0.953980
175 0.992157 0.796078 0.282353 0.954705
176 0.992157 0.800000 0.290196 0.955426
177 0.992157 0.803922 0.298039 0.956145
178 0.992157 0.803922 0.309804 0.956861
179 0.992157 0.807843 0.317647 0.957574
180 0.992157 0.811765 0.329412 0.958284
181 0.992157 0.811765 0.337255 0.958992
182 0.992157 0.815686 0.349020 0.959696
183 0.992157 0.819608 0.356863 0.960398
184 0.992157 0.819608 0.368627 0.961097
185 0.992157 0.823529 0.376471 0.961792
186 0.992157 0.827451 0.388235 0.962485
187 0.992157 0.827451 0.396078 0.963175
188 0.992157 0.831373 0.407843 0.963861
189 0.992157 0.835294 0.415686 0.964544
190 0.992157 0.835294 0.415686 0.965224
191 0.992157 0.835294 0.427451 0.965901
192 0.992157 0.839216 0.435294 0.966574
193 0.992157 0.843137 0.443137 0.967244
194 0.992157 0.843137 0.454902 0.967910
195 0.992157 0.843137 0.454902 0.968572
196 0.992157 0.847059 0.462745 0.969231
197 0.992157 0.850980 0.474510 0.969886
198 0.992157 0.850980 0.482353 0.970538
199 0.992157 0.850980 0.482353 0.971185
200 0.992157 0.854902 0.494118 0.971828
201 0.992157 0.858824 0.501961 0.972467
202 0.992157 0.862745 0.513726 0.973102
203 0.992157 0.862745 0.513726 0.973732
204 0.992157 0.862745 0.521569 0.974358
205 0.992157 0.866667 0.533333 0.974980
206 0.992157 0.870588 0.541176 0.975596
207 0.992157 0.870588 0.541176 0.976207
208 0.992157 0.870588 0.552941 0.976814
209 0.992157 0.874510 0.560784 0.977415
210 0.992157 0.878431 0.568627 0.978011
211 0.992157 0.878431 0.568627 0.978602
212 0.992157 0.878431 0.580392 0.979186
213 0.992157 0.882353 0.588235 0.979765
214 0.992157 0.886275 0.600000 0.980337
215 0.992157 0.886275 0.600000 0.980903
216 0.992157 0.886275 0.607843 0.981462
217 0.992157 0.890196 0.619608 0.982015
218 0.992157 0.894118 0.627451 0.982560
219 0.992157 0.894118 0.639216 0.983097
220 0.992157 0.894118 0.639216 0.983627
221 0.992157 0.898039 0.647059 0.984148
222 0.992157 0.901961 0.658824 0.984661
223 0.992157 0.901961 0.666667 0.985164
224 0.992157 0.905882 0.678431 0.985659
225 0.992157 0.909804 0.686275 0.986144
226 0.992157 0.909804 0.686275 0.986620
227 0.992157 0.909804 0.698039 0.987087
228 0.992157 0.913725 0.705882 0.987545
229 0.992157 0.917647 0.713726 0.987993
230 0.992157 0.917647 0.725490 0.988432
231 0.992157 0.921569 0.733333 0.988863
232 0.992157 0.925490 0.745098 0.989283
233 0.992157 0.929412 0.752941 0.989694
234 0.992157 0.929412 0.764706 0.990096
235 0.992157 0.929412 0.764706 0.990489
236 0.992157 0.933333 0.772549 0.990871
237 0.992157 0.937255 0.784314 0.991245
238 0.992157 0.937255 0.792157 0.991608
239 0.992157 0.941176 0.803922 0.991962
240 0.992157 0.945098 0.811765 0.992305
241 0.992157 0.945098 0.823529 0.992639
242 0.992157 0.949020 0.831373 0.992962
243 0.992157 0.952941 0.839216 0.993274
244 0.992157 0.952941 0.850980 0.993576
245 0.992157 0.956863 0.858824 0.993867
246 0.992157 0.960784 0.870588 0.994147
247 0.992157 0.960784 0.878431 0.994415
248 0.992157 0.964706 0.890196 0.994670
249 0.992157 0.968627 0.898039 0.994913
250 0.992157 0.968627 0.909804 0.995142
251 0.992157 0.972549 0.917647 0.995357
252 0.992157 0.976471 0.929412 0.995555
253 0.992157 0.976471 0.937255 0.995735
254 0.992157 0.980392 0.949020 0.995891
255 0.992157 0.984314 0.956863 0.996003
